24825
24487
24171
23945
23722
23516
23328
23143
22962
22782
22603
22426
22187
22014
21854
21696
21553
21414
21275
21136
20997
20881
20728
20625
20530
20439
20349
20262
20137
20052
19918
19837
19730
19559
19465
19385
19313
19246
19183
19121
19025
18910
18848
18787
18727
18669
18454
18384
18330
18231
18182
18135
18078
18032
17987
17944
17905
17869
17797
17764
17733
17702
17503
17467
17436
17406
17359
17330
17301
17272
17105
17014
16971
16944
16793
16756
16730
16696
16632
16606
16395
16370
16345
16164
16140
descent24825
24487
24171
23945
23722
23516
23328
23143
22962
22782
22603
22426
22187
22014
21854
21696
21553
21414
21275
21136
20997
20881
20728
20625
20530
20439
20349
20262
20137
20052
19918
19837
19730
19559
19465
19385
19313
19246
19183
19121
19025
18910
18848
18787
18727
18669
18454
18384
18330
18231
18182
18135
18078
18032
17987
17944
17905
17869
17797
17764
17733
17702
17503
17467
17436
17406
17359
17330
17301
17272
17105
17014
16971
16944
16793
16756
16730
16696
16632
16606
16395
16370
16345
taboo